scale = [3, 5, 	6, 6, 5, 6, 6, 5,		6, 5, 3, 5, 6, 3, 6, 5,		6, 6, 5, 6, 13, 12, 15,
15, 13, 11, 12, 11, 7, 5, 3,	6, 6, 5, 6, 6, 5,		6, 5, 3, 5, 6, 13, 6, 5,		6, 5, 6, 3, 2, 2, 5, 6, 7, 11,
11, 7, 6, 4, 3, 5, 6, 2, -7, 5,		6, 6, 5, 6, 6, 5,		6, 5, 3, 5, 6, 13, 6, 5,
6, 6, 5, 6, 3, 2, 5,	6, 3, 1, 2, 1, -7, -5, 3,	6, 6, 5, 6, 6, 5,		6, 5, 3, 5, 6, 13, 6, 5,
6, 5, 6, 13, 11, 12, 7, 5, 2,	7, 0, 6, 0,
-6, 3, -7, 5, 0,		1, -5, -6, -5, 0, 	-6, 3, 5, 7, 0,
11, 3, 11, 7, 0,		-6, 3, -7, 5, 0,		1, -5, -6, -5, 0, 3, 5,
6, 13, 12, 7, 15,	11, 3, 5, 6, 0,		-6, 3, -7, 5, 0,
1, -5, -6, -5, 0,		-6, 3, 5, 7, 0,		11, 3, 11, 7, 0,
-6, 3, -7, 5, 0,		1, -5, -6, -5, 0, 3, 5,		6, 13, 12, 7, 15,		11, 5, 6, 6, 0,

2, 3, 5, 0, 2, 3,		6, 0, 3, 11, 7, 2,	-7, 3, 5, 0, 1, 3,	6, 0, 2, 3, 2, 1, -7,
-6, 0, -5, -6,		-7, 0, -5, 0,	-6, 0, 2, 0,	1, 0, -7, 0,
2, 3, 5, 0, 2, 3,		6, 0, 3, 11, 7, 2,	-7, 3, 5, 0, 6, 7,	11, 0, 12, 13, 0,
4, 0, 0, 2, 3, 4,		5, 3, 11, 5,	6, 0, 11, 0,	13, 0, 2, 3, 5, 11, 5,
6, 6, 5, 6, 6, 5,		6, 5, 3, 5, 6, 13, 6, 5,	6, 6, 5, 6, 13, 12, 15,	15, 13, 11, 12, 11, 7, 5, 3,
6, 6, 5, 6, 6, 5,		6, 5, 3, 5, 6, 13, 6, 5,	6, 5, 6, 3, 2, 2, 5, 6, 7, 11,
11, 6, 5, 4, 3, 5, 6, 2, -7, 5,		6, 6, 5, 6, 6, 5,		6, 5, 3, 5, 6, 13, 6, 5,
6, 6, 5, 6, 13, 12, 15,	15, 13, 11, 12, 11, 7, 5, 3,	6, 6, 5, 6, 6, 5,		6, 5, 3, 5, 6, 13, 6, 5,
6, 5, 6, 13, 11, 12, 7, 5, 2,	7, 0, 6, 0]


time_div = [2, 2,	1, 2, 2, 1, 2, 2,		2, 2, 2, 2, 2, 2, 2, 2, 	1, 2, 2, 2, 2, 2, 2,
2, 2, 4, 4, 4, 2, 2, 1,		1, 2, 2, 1, 2, 2,		2, 2, 2, 2, 2, 2, 2, 2,		2, 2, 2, 4, 4, 2, 2, 4, 2, 4,
4, 4 ,4, 4, 2, 2, 2, 2, 2, 2,		1, 2, 2, 1, 2, 2,		2, 2, 2, 2, 2, 2, 2, 2, 
1, 2, 2, 2, 2, 2, 2, 	2, 2, 4, 4, 4, 2, 2, 1,		1, 2, 2, 1, 2, 2,		2, 2, 2, 2, 2, 2, 2, 2,
2, 2, 2, 2, 4, 4, 2, 2, 2,	2, 2, 2, 2,	
1, 1, 2, 2, 1,		1, 2, 2, 1, 1, 	1, 1, 2, 2, 1,
1, 2, 2, 1, 1,		1, 1, 2, 2, 1,	1, 2, 2, 1, 1, 2, 2,
1, 2, 4, 2, 1,		1, 1, 2, 2, 1,	1, 1, 2, 2, 1,
1, 2, 2, 1, 1,		1, 1, 2, 2, 1,	1, 2, 2, 1, 1,
1, 1, 2, 2, 1,		1, 2, 2, 1, 1, 2, 2,	1, 2, 4, 2, 1,	1, 1, 2, 2, 1,

2, 2, 1, 2, 2, 2,		1, 2, 2, 2, 2, 2,		2, 2, 1, 2, 2, 2,		1, 2, 2, 2, 2, 2, 2,
1, 1, 2, 2,		1, 1, 1, 1,		1, 1, 1, 1,		1, 1, 1, 1,
2, 2, 1, 2, 2, 2,		1, 2, 2, 2, 2, 2,		2, 2, 1, 2, 2, 2,		1, 1, 2, 2, 1,
1, 1, 2, 4, 2, 2,		1, 1, 1, 1,		1, 2, 1, 2,		1, 4, 4, 2, 2, 2, 2,
1, 2, 2, 1, 2, 2,		2, 2, 2, 2, 2, 2, 2, 2,		1, 2, 2, 2, 2, 2, 2,	2, 2, 4, 4, 4, 2, 2, 1,
1, 2, 2, 1, 2, 2,		2, 2, 2, 2, 2, 2, 2, 2,		2, 2, 2, 4, 4, 2, 2, 4, 2, 4,
4, 4, 4, 4, 2, 2, 2, 2, 2, 2,		1, 2, 2, 1, 2, 2,		2, 2, 2, 2, 2, 2, 2, 2,
1, 2, 2, 2, 2, 2, 2,		2, 2, 4, 4, 4, 2, 2, 1,		1, 2, 2, 1, 2, 2,		2, 2, 2, 2, 2, 2, 2, 2,
2, 2, 2, 2, 4, 4, 2, 2, 2,	1, 1, 1, 1]